0 0 0 0 0 0 0 0 0 0 0 0 0
0 1.000400 0.000141 0 0 0 0 0 0 0 0 1.000541 0
0.000141 1.000400 0.000173 0 0 0 0 0 0 0 0 1.000715 0
0.000173 1.000400 0.000183 0 0 0 0 0 0 0 0 1.000756 0
0.000183 1.009310 0.013742 0 0 0 0 0 0 0 0 1.023234 0
0.013742 1.040081 0.014493 0 0 0 0 0 0 0 0 1.068316 0
0.014493 1.038177 0.020940 0 0 0 0 0 0 0 0 1.073610 0
0.020940 1.032231 0.020291 0 0 0 0 0 0 0 0 1.073462 0
0.020291 1.040704 0.017380 0 0 0 0 0 0 0 0 1.078376 0
0.017380 1.043203 0.018459 0 0 0 0 0 0 0 0 1.079042 0
0.018459 1.038644 0.021245 0 0 0 0 0 0 0 0 1.078347 0
0.021245 1.036335 0.020239 0 0 0 0 0 0 0 0 1.077819 0
0.020239 1.041112 0.018305 0 0 0 0 0 0 0 0 1.079656 0
0.018305 1.068706 0.763436 0 0 0 0 0 0 0 0 1.850448 0
0.763436 38.725336 18.462583 0 0 0 0 0 0 0 0 57.951355 0
18.462583 164221.768911 549026.869652 0 0 0 0 0 0 0 0 713267.101145 0
549026.869652 3469989.516090 1966246.684663 0 0 0 0 0 0 0 0 5985263.070405 0
1966246.684663 3211217.394907 1717150.627976 0 0 0 0 0 0 0 0 6894614.707546 0
1717150.627976 4507353.988936 1532367.333547 0 0 0 0 0 0 0 0 7756871.950459 0
1532367.333547 4368585.238535 1921211.554517 0 0 0 0 0 0 0 0 7822164.126599 0
1921211.554517 3524007.041029 2169466.551316 0 0 0 0 0 0 0 0 7614685.146862 0
2169466.551316 3840691.768862 1821726.126642 0 0 0 0 0 0 0 0 7831884.446820 0
1821726.126642 4343087.600452 1635688.356370 0 0 0 0 0 0 0 0 7800502.083464 0
1635688.356370 3947428.260154 1907181.978223 0 0 0 0 0 0 0 0 7490298.594747 0
1907181.978223 3478460.466795 2141606.950716 0 0 0 0 0 0 0 0 7527249.395734 0
2141606.950716 3919652.633467 1809990.202221 0 0 0 0 0 0 0 0 7871249.786404 0
1809990.202221 4283311.363957 1739902.568929 0 0 0 0 0 0 0 0 7833204.135107 0
1739902.568929 4042448.313257 1928489.038648 0 0 0 0 0 0 0 0 7710839.920834 0
1928489.038648 3513243.517145 2020322.132111 0 0 0 0 0 0 0 0 7462054.687904 0
2020322.132111 3735344.014305 1882095.071635 0 0 0 0 0 0 0 0 7637761.218050 0
1882095.071635 4159912.591451 1815184.207451 0 0 0 0 0 0 0 0 7857191.870537 0
1815184.207451 4104596.401300 1918192.656608 0 0 0 0 0 0 0 0 7837973.265359 0
1918192.656608 3567844.860609 1963056.586614 0 0 0 0 0 0 0 0 7449094.103831 0
1963056.586614 3413185.500415 1774540.049991 0 0 0 0 0 0 0 0 7150782.137020 0
1774540.049991 3656823.369567 1571432.195287 0 0 0 0 0 0 0 0 7002795.614845 0
1571432.195287 3483307.670771 1663546.796894 0 0 0 0 0 0 0 0 6718286.662952 0
1663546.796894 3078980.034245 1879309.198915 0 0 0 0 0 0 0 0 6621836.030054 0
1879309.198915 3889527.320219 1929219.302805 0 0 0 0 0 0 0 0 7698055.821940 0
1929219.302805 3711932.281846 1415984.043641 0 0 0 0 0 0 0 0 7057135.628292 0
1415984.043641 3530862.951435 1518977.490466 0 0 0 0 0 0 0 0 6465824.485543 0
1518977.490466 3192713.264335 1943118.625289 0 0 0 0 0 0 0 0 6654809.380089 0
1943118.625289 3819411.649690 1829415.181915 0 0 0 0 0 0 0 0 7591945.456893 0
1829415.181915 3988105.669363 1704896.459154 0 0 0 0 0 0 0 0 7522417.310432 0
1704896.459154 3424100.999229 1850625.016796 0 0 0 0 0 0 0 0 6979622.475179 0
1850625.016796 3653385.743800 2022864.577922 0 0 0 0 0 0 0 0 7526875.338517 0
2022864.577922 3953714.462145 1980204.772615 0 0 0 0 0 0 0 0 7956783.812682 0
1980204.772615 3559834.027109 1973448.218877 0 0 0 0 0 0 0 0 7513487.018601 0
1973448.218877 4089698.673294 1562419.878488 0 0 0 0 0 0 0 0 7625566.770658 0
1562419.878488 4089884.512415 1861403.271181 0 0 0 0 0 0 0 0 7513707.662084 0
1861403.271181 3670986.541181 1919292.647919 0 0 0 0 0 0 0 0 7451682.460281 0
1919292.647919 3577763.103360 1852124.213215 0 0 0 0 0 0 0 0 7349179.964494 0
1852124.213215 4066521.667999 1767254.561090 0 0 0 0 0 0 0 0 7685900.442305 0
1767254.561090 3962349.120476 1844989.331711 0 0 0 0 0 0 0 0 7574593.013278 0
1844989.331711 3115891.532509 1813059.188989 0 0 0 0 0 0 0 0 6773940.053210 0
1813059.188989 2941663.699082 1577845.752861 0 0 0 0 0 0 0 0 6332568.640932 0
1577845.752861 3634243.565019 1558222.332850 0 0 0 0 0 0 0 0 6770311.650731 0
1558222.332850 3633294.287500 1827574.300412 0 0 0 0 0 0 0 0 7019090.920762 0
1827574.300412 3039002.559906 1700908.294364 0 0 0 0 0 0 0 0 6567485.154682 0
1700908.294364 3461930.357308 1660094.515537 0 0 0 0 0 0 0 0 6822933.167208 0
1660094.515537 3697039.733083 1622935.252785 0 0 0 0 0 0 0 0 6980069.501404 0
1622935.252785 3585622.210750 1702770.956296 0 0 0 0 0 0 0 0 6911328.419831 0
1702770.956296 3280137.085807 1786164.714688 0 0 0 0 0 0 0 0 6769072.756790 0
1786164.714688 3485329.946030 1659426.101547 0 0 0 0 0 0 0 0 6930920.762265 0
1659426.101547 3617866.691498 1577601.873102 0 0 0 0 0 0 0 0 6854894.666147 0
1577601.873102 3258442.290701 1739632.397730 0 0 0 0 0 0 0 0 6575676.561533 0
1739632.397730 3401003.455055 1726638.869788 0 0 0 0 0 0 0 0 6867274.722573 0
1726638.869788 3641630.106313 1607719.579496 0 0 0 0 0 0 0 0 6975988.555597 0
1607719.579496 3120347.550839 1532345.597473 0 0 0 0 0 0 0 0 6260412.727808 0
1532345.597473 3349163.798635 1522760.171626 0 0 0 0 0 0 0 0 6404269.567734 0
1522760.171626 3452971.232249 1713481.616491 0 0 0 0 0 0 0 0 6689213.020366 0
1713481.616491 3264842.706303 1715318.808575 0 0 0 0 0 0 0 0 6693643.131369 0
1715318.808575 3565506.239878 1462155.382798 0 0 0 0 0 0 0 0 6742980.431251 0
1462155.382798 3298820.330947 1522170.628788 0 0 0 0 0 0 0 0 6283146.342533 0
1522170.628788 3045258.261405 1581023.304030 0 0 0 0 0 0 0 0 6148452.194224 0
1581023.304030 3250350.047748 1769990.578534 0 0 0 0 0 0 0 0 6601363.930313 0
1769990.578534 2872079.226360 1667233.048030 0 0 0 0 0 0 0 0 6309302.852925 0
1667233.048030 3307224.452139 1565966.845743 0 0 0 0 0 0 0 0 6540424.345913 0
1565966.845743 3118999.476141 1496100.564795 0 0 0 0 0 0 0 0 6181066.886680 0
1496100.564795 3030391.441395 1401042.119270 0 0 0 0 0 0 0 0 5927534.125461 0
1401042.119270 3010612.445310 1437474.925053 0 0 0 0 0 0 0 0 5849129.489633 0
1437474.925053 3227034.374806 1473040.026283 0 0 0 0 0 0 0 0 6137549.326141 0
1473040.026283 3100934.887695 1418046.703404 0 0 0 0 0 0 0 0 5992021.617382 0
1418046.703404 2988617.450656 1409867.685308 0 0 0 0 0 0 0 0 5816531.839368 0
1409867.685308 3088549.749274 1584602.516973 0 0 0 0 0 0 0 0 6083019.951555 0
1584602.516973 3320898.849968 1635762.641818 0 0 0 0 0 0 0 0 6541264.008760 0
1635762.641818 3411689.038625 1469405.981992 0 0 0 0 0 0 0 0 6516857.662436 0
1469405.981992 2616442.318800 1607174.225056 0 0 0 0 0 0 0 0 5693022.525848 0
1607174.225056 3279227.143915 1597436.852759 0 0 0 0 0 0 0 0 6483838.221731 0
1597436.852759 4503992.718088 2296711.735777 0 0 0 0 0 0 0 0 8398141.306625 0
2296711.735777 4598800.212496 1938190.585791 0 0 0 0 0 0 0 0 8833702.534064 0
1938190.585791 3100682.946858 1418258.460412 0 0 0 0 0 0 0 0 6457131.993061 0
1418258.460412 2943343.061511 1216099.952792 0 0 0 0 0 0 0 0 5577701.474714 0
1216099.952792 2800991.852154 1468610.863806 0 0 0 0 0 0 0 0 5485702.668752 0
1468610.863806 2990257.630853 1237917.893124 0 0 0 0 0 0 0 0 5696786.387782 0
1237917.893124 2638510.646547 1413582.429819 0 0 0 0 0 0 0 0 5290010.969489 0
1413582.429819 3259941.899388 1498502.544245 0 0 0 0 0 0 0 0 6172026.873452 0
1498502.544245 3825720.118315 1726361.024331 0 0 0 0 0 0 0 0 7050583.686891 0
1726361.024331 4896874.369916 2075371.524549 0 0 0 0 0 0 0 0 8698606.918796 0
2075371.524549 4122446.438860 1800171.349129 0 0 0 0 0 0 0 0 7997989.312538 0
1800171.349129 2787847.053806 1281011.847637 0 0 0 0 0 0 0 0 5869030.250573 0
1281011.847637 3099335.722828 1232526.027279 0 0 0 0 0 0 0 0 5612873.597744 0
1232526.027279 2939207.446232 1619452.957538 0 0 0 0 0 0 0 0 5791186.431049 0
1619452.957538 3900876.905471 2161117.486811 0 0 0 0 0 0 0 0 7681447.349820 0
2161117.486811 4318841.010898 2017440.532280 0 0 0 0 0 0 0 0 8497399.029989 0
2017440.532280 3310758.996713 1452025.206552 0 0 0 0 0 0 0 0 6780224.735545 0
1452025.206552 3199638.003856 1567599.966472 0 0 0 0 0 0 0 0 6219263.176880 0
1567599.966472 2419237.105542 1361457.599735 0 0 0 0 0 0 0 0 5348294.671749 0
1361457.599735 2607004.806861 1553897.408595 0 0 0 0 0 0 0 0 5522359.815191 0
1553897.408595 3312917.714349 1507757.326596 0 0 0 0 0 0 0 0 6374572.449540 0
1507757.326596 3932981.478665 2148294.571299 0 0 0 0 0 0 0 0 7589033.376560 0
2148294.571299 4392117.001981 2223155.923891 0 0 0 0 0 0 0 0 8763567.497171 0
2223155.923891 3866677.363568 1173600.641598 0 0 0 0 0 0 0 0 7263433.929058 0
1173600.641598 2567206.809551 1445886.843811 0 0 0 0 0 0 0 0 5186694.294960 0
1445886.843811 2883345.365653 1233986.253397 0 0 0 0 0 0 0 0 5563218.462861 0
1233986.253397 5015732.357205 2144684.322849 0 0 0 0 0 0 0 0 8394402.933452 0
2144684.322849 3953675.455503 1705819.662791 0 0 0 0 0 0 0 0 7804179.441143 0
1705819.662791 2536379.919887 1143581.643011 0 0 0 0 0 0 0 0 5385781.225689 0
1143581.643011 3341044.210990 854740.661639 0 0 0 0 0 0 0 0 5339366.515640 0
854740.661639 3097265.119156 1073531.467738 0 0 0 0 0 0 0 0 5025537.248533 0
1073531.467738 2913890.821756 2048048.588750 0 0 0 0 0 0 0 0 6035470.878244 0
2048048.588750 4632607.747988 1922761.960275 0 0 0 0 0 0 0 0 8603418.297013 0
1922761.960275 3530252.491042 1122951.457091 0 0 0 0 0 0 0 0 6575965.908408 0
1122951.457091 2829493.852866 1075016.493067 0 0 0 0 0 0 0 0 5027461.803024 0
1075016.493067 2194135.154071 1230714.863811 0 0 0 0 0 0 0 0 4499866.510950 0
1230714.863811 3428630.335846 1394991.341629 0 0 0 0 0 0 0 0 6054336.541286 0
1394991.341629 4070467.206102 2422449.962749 0 0 0 0 0 0 0 0 7887908.510480 0
2422449.962749 3421157.412597 1540471.876156 0 0 0 0 0 0 0 0 7384079.251502 0
1540471.876156 3121926.926138 1301876.264980 0 0 0 0 0 0 0 0 5964275.067274 0
1301876.264980 1928844.375525 1404124.180909 0 0 0 0 0 0 0 0 4634844.821413 0
1404124.180909 2661921.408632 997108.165593 0 0 0 0 0 0 0 0 5063153.755134 0
997108.165593 2554495.764209 1443754.589464 0 0 0 0 0 0 0 0 4995358.519266 0
1443754.589464 4344481.292662 1885635.580933 0 0 0 0 0 0 0 0 7673871.463058 0
1885635.580933 4401615.064017 1419546.030900 0 0 0 0 0 0 0 0 7706796.675851 0
1419546.030900 3084406.645653 1526374.803837 0 0 0 0 0 0 0 0 6030327.480391 0
1526374.803837 4187893.741876 2658043.731355 0 0 0 0 0 0 0 0 8372312.277068 0
2658043.731355 4711951.128684 1284941.385490 0 0 0 0 0 0 0 0 8654936.245530 0
1284941.385490 3529490.596415 973129.574852 0 0 0 0 0 0 0 0 5787561.556757 0
973129.574852 2925517.962972 1425980.227059 0 0 0 0 0 0 0 0 5324627.764883 0
1425980.227059 2423588.413854 1561879.456935 0 0 0 0 0 0 0 0 5411448.097848 0
1561879.456935 5052203.197160 1533888.358441 0 0 0 0 0 0 0 0 8147971.012536 0
1533888.358441 3545296.760890 749042.820257 0 0 0 0 0 0 0 0 5828227.939588 0
749042.820257 3134673.087484 1283308.497406 0 0 0 0 0 0 0 0 5167024.405147 0
1283308.497406 2825366.655633 1784394.311791 0 0 0 0 0 0 0 0 5893069.464829 0
1784394.311791 4841202.565404 1596400.694887 0 0 0 0 0 0 0 0 8221997.572082 0
1596400.694887 2942354.303282 1305253.341500 0 0 0 0 0 0 0 0 5844008.339669 0
1305253.341500 2382887.471189 1845431.321841 0 0 0 0 0 0 0 0 5533572.134530 0
1845431.321841 3393157.408717 2195259.288849 0 0 0 0 0 0 0 0 7433848.019407 0
2195259.288849 4467612.776819 1022321.930539 0 0 0 0 0 0 0 0 7685193.996208 0
1022321.930539 2494164.453003 1692582.062952 0 0 0 0 0 0 0 0 5209068.446494 0
1692582.062952 3844047.738689 2224745.156754 0 0 0 0 0 0 0 0 7761374.958395 0
2224745.156754 5581333.262465 900067.144690 0 0 0 0 0 0 0 0 8706145.563909 0
900067.144690 4000026.415912 966769.718740 0 0 0 0 0 0 0 0 5866863.279342 0
966769.718740 4522030.068619 2383611.983742 0 0 0 0 0 0 0 0 7872411.771101 0
2383611.983742 2677743.533968 1019780.918298 0 0 0 0 0 0 0 0 6081136.436007 0
1019780.918298 3656019.261926 568951.789499 0 0 0 0 0 0 0 0 5244751.969723 0
568951.789499 3267248.587063 1400319.677422 0 0 0 0 0 0 0 0 5236520.053984 0
1400319.677422 2964751.124221 2309796.618412 0 0 0 0 0 0 0 0 6674867.420055 0
2309796.618412 4448264.811835 794038.290794 0 0 0 0 0 0 0 0 7552099.721041 0
794038.290794 5397485.730165 1717809.573316 0 0 0 0 0 0 0 0 7909333.594275 0
1717809.573316 4898333.333480 1413073.994134 0 0 0 0 0 0 0 0 8029216.900930 0
1413073.994134 1036526.830857 1346192.738126 0 0 0 0 0 0 0 0 3795793.563117 0
1346192.738126 4592934.854200 1787974.837507 0 0 0 0 0 0 0 0 7727102.429834 0
1787974.837507 4475763.494096 2078095.075319 0 0 0 0 0 0 0 0 8341833.406923 0
2078095.075319 2859379.293604 1942182.082480 0 0 0 0 0 0 0 0 6879656.451403 0
1942182.082480 5320011.926895 1064969.098457 0 0 0 0 0 0 0 0 8327163.107833 0
1064969.098457 3767377.312168 1314101.457333 0 0 0 0 0 0 0 0 6146447.867958 0
1314101.457333 1411922.908988 1827910.652178 0 0 0 0 0 0 0 0 4553935.018499 0
1827910.652178 4784173.682787 1288965.965846 0 0 0 0 0 0 0 0 7901050.300811 0
1288965.965846 3411090.144438 1103103.886861 0 0 0 0 0 0 0 0 5803159.997144 0
1103103.886861 1852791.676125 1414796.776623 0 0 0 0 0 0 0 0 4370692.339608 0
1414796.776623 3837771.678295 1692823.650717 0 0 0 0 0 0 0 0 6945392.105635 0
1692823.650717 5811284.810913 868558.005270 0 0 0 0 0 0 0 0 8372666.466899 0
868558.005270 3429215.216494 2792791.332597 0 0 0 0 0 0 0 0 7090564.554361 0
2792791.332597 3001389.636465 799498.058707 0 0 0 0 0 0 0 0 6593679.027769 0
799498.058707 3040198.027121 1616725.302540 0 0 0 0 0 0 0 0 5456421.388368 0
1616725.302540 1779853.398442 1185935.968707 0 0 0 0 0 0 0 0 4582514.669689 0
1185935.968707 5480894.821183 658306.075848 0 0 0 0 0 0 0 0 7325136.865739 0
658306.075848 3150334.481785 1532732.140562 0 0 0 0 0 0 0 0 5341372.698195 0
1532732.140562 2511370.481866 2327733.202706 0 0 0 0 0 0 0 0 6371835.825134 0
2327733.202706 6159184.834559 1120061.648757 0 0 0 0 0 0 0 0 9606979.686023 0
1120061.648757 2271134.104104 2135652.028974 0 0 0 0 0 0 0 0 5526847.781835 0
2135652.028974 3620253.550311 1530335.105949 0 0 0 0 0 0 0 0 7286240.685234 0
1530335.105949 3788931.915790 467541.516933 0 0 0 0 0 0 0 0 5786808.538673 0
467541.516933 5799091.252370 1501975.796625 0 0 0 0 0 0 0 0 7768608.565928 0
1501975.796625 1565805.199195 2003886.922119 0 0 0 0 0 0 0 0 5071667.917938 0
2003886.922119 5059092.713055 1389854.691171 0 0 0 0 0 0 0 0 8452834.326344 0
1389854.691171 3473551.427403 1668956.465787 0 0 0 0 0 0 0 0 6532362.584360 0
1668956.465787 1729140.237934 725439.560379 0 0 0 0 0 0 0 0 4123536.264100 0
725439.560379 4969757.273462 1458487.502413 0 0 0 0 0 0 0 0 7153684.336254 0
1458487.502413 993207.914512 1229924.930320 0 0 0 0 0 0 0 0 3681620.347245 0
1229924.930320 3565159.436596 525432.387626 0 0 0 0 0 0 0 0 5320516.754542 0
525432.387626 4103559.035252 1878579.115870 0 0 0 0 0 0 0 0 6507570.538747 0
1878579.115870 2184709.529819 548817.270719 0 0 0 0 0 0 0 0 4612105.916408 0
548817.270719 3669731.808729 2148755.222245 0 0 0 0 0 0 0 0 6367304.301693 0
2148755.222245 3815522.607840 2081776.870597 0 0 0 0 0 0 0 0 8046054.700682 0
2081776.870597 3369727.464662 1495278.579288 0 0 0 0 0 0 0 0 6946782.914547 0
1495278.579288 2854068.845347 1926574.225338 0 0 0 0 0 0 0 0 6275921.649973 0
1926574.225338 4138564.033011 1141195.872730 0 0 0 0 0 0 0 0 7206334.131080 0
1141195.872730 4797930.902617 2980586.041596 0 0 0 0 0 0 0 0 8919712.816943 0
2980586.041596 3252808.868693 644907.587157 0 0 0 0 0 0 0 0 6878302.497446 0
644907.587157 2805966.550417 2513802.118102 0 0 0 0 0 0 0 0 5964676.255677 0
2513802.118102 2948286.000401 752246.518331 0 0 0 0 0 0 0 0 6214334.636834 0
752246.518331 2261416.311199 1338062.051441 0 0 0 0 0 0 0 0 4351724.880971 0
1338062.051441 4369606.123246 834535.222519 0 0 0 0 0 0 0 0 6542203.397206 0
834535.222519 3821716.823087 1233074.107757 0 0 0 0 0 0 0 0 5889326.153363 0
1233074.107757 1207725.565957 1306657.548328 0 0 0 0 0 0 0 0 3747457.222041 0
1306657.548328 5578231.099217 1938659.689720 0 0 0 0 0 0 0 0 8823548.337264 0
1938659.689720 3293487.180952 1814972.936920 0 0 0 0 0 0 0 0 7047119.807592 0
1814972.936920 5208983.576067 846873.963566 0 0 0 0 0 0 0 0 7870830.476553 0
846873.963566 4174567.832711 2509261.804490 0 0 0 0 0 0 0 0 7530703.600767 0
2509261.804490 3766268.103147 1040967.189816 0 0 0 0 0 0 0 0 7316497.097453 0
1040967.189816 2587817.197730 1851174.977453 0 0 0 0 0 0 0 0 5479959.364998 0
1851174.977453 3758672.678804 947847.264616 0 0 0 0 0 0 0 0 6557694.920872 0
947847.264616 2038097.291068 1790046.976413 0 0 0 0 0 0 0 0 4775991.532097 0
1790046.976413 4826184.839063 1791316.217438 0 0 0 0 0 0 0 0 8407548.032914 0
1791316.217438 3043127.906979 1682525.011768 0 0 0 0 0 0 0 0 6516969.136185 0
1682525.011768 5075365.468774 1231889.023038 0 0 0 0 0 0 0 0 7989779.503580 0
1231889.023038 3492187.461801 2369355.581223 0 0 0 0 0 0 0 0 7093432.066062 0
2369355.581223 4844587.207026 1241087.641456 0 0 0 0 0 0 0 0 8455030.429705 0
1241087.641456 1840088.239931 2212957.181505 0 0 0 0 0 0 0 0 5294133.062893 0
2212957.181505 5261127.772875 1715204.837069 0 0 0 0 0 0 0 0 9189289.791450 0
1715204.837069 3794651.799975 2144687.489610 0 0 0 0 0 0 0 0 7654544.126655 0
2144687.489610 4145489.483441 1399739.947196 0 0 0 0 0 0 0 0 7689916.920248 0
1399739.947196 1993049.993105 1951450.581146 0 0 0 0 0 0 0 0 5344240.521447 0
1951450.581146 5324741.235205 1304325.991451 0 0 0 0 0 0 0 0 8580517.807802 0
1304325.991451 2324629.933006 1508002.093998 0 0 0 0 0 0 0 0 5136958.018454 0
1508002.093998 4319282.466023 845469.673013 0 0 0 0 0 0 0 0 6672754.233035 0
845469.673013 1787081.010671 1130879.917001 0 0 0 0 0 0 0 0 3763430.600685 0
1130879.917001 3480440.979168 2551538.183967 0 0 0 0 0 0 0 0 7162859.080136 0
2551538.183967 4540112.433661 1389428.203207 0 0 0 0 0 0 0 0 8481078.820835 0
1389428.203207 4108705.934942 1694920.265384 0 0 0 0 0 0 0 0 7193054.403533 0
1694920.265384 2142518.524995 825718.579277 0 0 0 0 0 0 0 0 4663157.369657 0
825718.579277 3021125.946805 1794306.566310 0 0 0 0 0 0 0 0 5641151.092392 0
1794306.566310 4742174.105206 1241989.425942 0 0 0 0 0 0 0 0 7778470.097458 0
1241989.425942 3538535.451582 1536152.924087 0 0 0 0 0 0 0 0 6316677.801611 0
1536152.924087 3441982.458223 658247.951826 0 0 0 0 0 0 0 0 5636383.334136 0
658247.951826 2120913.447143 1388304.953971 0 0 0 0 0 0 0 0 4167466.352941 0
1388304.953971 3702257.501782 1865366.574847 0 0 0 0 0 0 0 0 6955929.030600 0
1865366.574847 2707660.485655 1473850.007857 0 0 0 0 0 0 0 0 6046877.068360 0
1473850.007857 4721057.825946 1823512.763783 0 0 0 0 0 0 0 0 8018420.597586 0
1823512.763783 2365983.835369 683517.550748 0 0 0 0 0 0 0 0 4873014.149900 0
683517.550748 2377145.301929 1720030.128916 0 0 0 0 0 0 0 0 4780692.981593 0
1720030.128916 2562192.716878 1467009.338770 0 0 0 0 0 0 0 0 5749232.184564 0
1467009.338770 2572916.862843 1084350.280332 0 0 0 0 0 0 0 0 5124276.481945 0
1084350.280332 4780988.323526 2318060.677990 0 0 0 0 0 0 0 0 8183399.281848 0
2318060.677990 2624024.319715 1297158.309359 0 0 0 0 0 0 0 0 6239243.307064 0
1297158.309359 3331081.989069 2157343.314266 0 0 0 0 0 0 0 0 6785583.612695 0
2157343.314266 4863624.465534 1287576.841289 0 0 0 0 0 0 0 0 8308544.621088 0
1287576.841289 3215678.689861 1718182.825960 0 0 0 0 0 0 0 0 6221438.357110 0
1718182.825960 4776038.009142 1836619.318544 0 0 0 0 0 0 0 0 8330840.153646 0
1836619.318544 4881685.401860 1624677.055756 0 0 0 0 0 0 0 0 8342981.776160 0
1624677.055756 3289464.480463 1181823.641847 0 0 0 0 0 0 0 0 6095965.178066 0
1181823.641847 2627738.104909 2211737.540172 0 0 0 0 0 0 0 0 6021299.286928 0
2211737.540172 4425026.691298 1138129.517454 0 0 0 0 0 0 0 0 7774893.748924 0
1138129.517454 2782165.024939 999904.468665 0 0 0 0 0 0 0 0 4920199.011057 0
999904.468665 2384300.634394 1129269.666163 0 0 0 0 0 0 0 0 4513474.769222 0
1129269.666163 3630369.171029 728669.224368 0 0 0 0 0 0 0 0 5488308.061559 0
728669.224368 2611490.409995 1654276.056507 0 0 0 0 0 0 0 0 4994435.690871 0
1654276.056507 5745212.775540 2105495.010009 0 0 0 0 0 0 0 0 9504983.842056 0
2105495.010009 3173524.363680 1806466.630372 0 0 0 0 0 0 0 0 7085486.004062 0
1806466.630372 2933882.803082 1434112.875692 0 0 0 0 0 0 0 0 6174462.309147 0
1434112.875692 2411652.148279 1931234.732809 0 0 0 0 0 0 0 0 5776999.756780 0
1931234.732809 5754892.769987 1774882.800242 0 0 0 0 0 0 0 0 9461010.303038 0
1774882.800242 3578730.488659 1711137.975310 0 0 0 0 0 0 0 0 7064751.264211 0
1711137.975310 3451667.774196 2085704.405609 0 0 0 0 0 0 0 0 7248510.155116 0
2085704.405609 3159227.228775 1342077.320529 0 0 0 0 0 0 0 0 6587008.954914 0
1342077.320529 3713436.052849 952899.499046 0 0 0 0 0 0 0 0 6008412.872424 0
952899.499046 1971239.353208 1644998.884264 0 0 0 0 0 0 0 0 4569137.736518 0
1644998.884264 2258437.460322 1350180.461513 0 0 0 0 0 0 0 0 5253616.806099 0
1350180.461513 4915275.189867 1480814.626232 0 0 0 0 0 0 0 0 7746270.277613 0
1480814.626232 4135396.903533 1690117.290963 0 0 0 0 0 0 0 0 7306328.820729 0
1690117.290963 3246008.132112 1914976.851205 0 0 0 0 0 0 0 0 6851102.274280 0
1914976.851205 3459104.894325 1696537.886066 0 0 0 0 0 0 0 0 7070619.631595 0
1696537.886066 4122723.887560 1143745.961161 0 0 0 0 0 0 0 0 6963007.734787 0
1143745.961161 4487256.530272 1966616.556951 0 0 0 0 0 0 0 0 7597619.048384 0
1966616.556951 4751908.585614 1612402.632530 0 0 0 0 0 0 0 0 8330927.775094 0
1612402.632530 2556019.737604 1547004.438039 0 0 0 0 0 0 0 0 5715426.808172 0
1547004.438039 3664116.026679 1446510.489889 0 0 0 0 0 0 0 0 6657630.954607 0
1446510.489889 3145322.937860 2162758.696115 0 0 0 0 0 0 0 0 6754592.123865 0
2162758.696115 2859222.072352 1240395.680265 0 0 0 0 0 0 0 0 6262376.448733 0
1240395.680265 2656450.929423 829050.596470 0 0 0 0 0 0 0 0 4725897.206157 0
829050.596470 3031124.675565 1389570.564530 0 0 0 0 0 0 0 0 5249745.836565 0
1389570.564530 2930161.595835 1799512.728406 0 0 0 0 0 0 0 0 6119244.888771 0
1799512.728406 4000513.173129 1929464.443985 0 0 0 0 0 0 0 0 7729490.345520 0
1929464.443985 4657131.511730 1419197.776530 0 0 0 0 0 0 0 0 8005793.732245 0
1419197.776530 3383972.340952 2149623.886334 0 0 0 0 0 0 0 0 6952794.003816 0
2149623.886334 3916692.505746 1356428.436790 0 0 0 0 0 0 0 0 7422744.828870 0
1356428.436790 3551354.609131 777875.895141 0 0 0 0 0 0 0 0 5685658.941061 0
777875.895141 3359050.067186 1558292.825680 0 0 0 0 0 0 0 0 5695218.788008 0
1558292.825680 2697414.363779 1978344.867930 0 0 0 0 0 0 0 0 6234052.057389 0
1978344.867930 4750621.311171 1805221.964201 0 0 0 0 0 0 0 0 8534188.143302 0
1805221.964201 2566077.118654 1095708.022815 0 0 0 0 0 0 0 0 5467007.105670 0
1095708.022815 1907786.053861 1248560.893250 0 0 0 0 0 0 0 0 4252054.969925 0
1248560.893250 2458129.199982 1279828.901689 0 0 0 0 0 0 0 0 4986518.994920 0
1279828.901689 4072538.192113 2186029.838795 0 0 0 0 0 0 0 0 7538396.932597 0
2186029.838795 3677769.798159 1792629.780620 0 0 0 0 0 0 0 0 7656429.417574 0
1792629.780620 3234841.206178 879467.346558 0 0 0 0 0 0 0 0 5906938.333356 0
879467.346558 2051290.317160 2000007.455662 0 0 0 0 0 0 0 0 4930765.119379 0
2000007.455662 3362144.169285 1542180.412094 0 0 0 0 0 0 0 0 6904332.037042 0
1542180.412094 4413630.320411 1198402.210068 0 0 0 0 0 0 0 0 7154212.942573 0
1198402.210068 6020922.649303 1695651.873766 0 0 0 0 0 0 0 0 8914976.733138 0
1695651.873766 3813410.777071 1446768.949363 0 0 0 0 0 0 0 0 6955831.600200 0
1446768.949363 1751966.529469 1465577.819670 0 0 0 0 0 0 0 0 4664313.298502 0
1465577.819670 3833930.334892 1657002.287619 0 0 0 0 0 0 0 0 6956510.442181 0
1657002.287619 4867060.322480 1636872.418649 0 0 0 0 0 0 0 0 8160935.028747 0
1636872.418649 1770378.690779 1464771.911662 0 0 0 0 0 0 0 0 4872023.021089 0
1464771.911662 4704875.579041 2153141.440401 0 0 0 0 0 0 0 0 8322788.931104 0
2153141.440401 5401523.501826 1231644.943336 0 0 0 0 0 0 0 0 8786309.885563 0
1231644.943336 2750628.244172 1796174.600591 0 0 0 0 0 0 0 0 5778447.788099 0
1796174.600591 3292749.235884 1192274.111620 0 0 0 0 0 0 0 0 6281197.948094 0
1192274.111620 3719530.061290 1751357.048105 0 0 0 0 0 0 0 0 6663161.221015 0
1751357.048105 1256862.005056 925941.759970 0 0 0 0 0 0 0 0 3934160.813131 0
925941.759970 4521334.505404 1592578.171961 0 0 0 0 0 0 0 0 7039854.437336 0
1592578.171961 6132044.096929 1097610.017191 0 0 0 0 0 0 0 0 8822232.286082 0
1097610.017191 3031426.988180 2094908.929040 0 0 0 0 0 0 0 0 6223945.934412 0
2094908.929040 3324104.253728 1790421.861825 0 0 0 0 0 0 0 0 7209435.044594 0
1790421.861825 4676621.737237 1273881.048472 0 0 0 0 0 0 0 0 7740924.647534 0
1273881.048472 4206778.052567 2441836.331260 0 0 0 0 0 0 0 0 7922495.432299 0
2441836.331260 2142917.452925 933456.599573 0 0 0 0 0 0 0 0 5518210.383758 0
933456.599573 4361760.866280 1397256.095193 0 0 0 0 0 0 0 0 6692473.561046 0
1397256.095193 5070166.055071 975874.279410 0 0 0 0 0 0 0 0 7443296.429675 0
975874.279410 3688479.498187 1077918.909238 0 0 0 0 0 0 0 0 5742272.686835 0
1077918.909238 2150298.225775 1851800.330518 0 0 0 0 0 0 0 0 5080017.465530 0
1851800.330518 3992471.989866 957627.291833 0 0 0 0 0 0 0 0 6801899.612216 0
957627.291833 3657777.013248 1462741.253966 0 0 0 0 0 0 0 0 6078145.559046 0
1462741.253966 2182256.410840 2357650.995289 0 0 0 0 0 0 0 0 6002648.660095 0
2357650.995289 4107327.971319 1204240.605623 0 0 0 0 0 0 0 0 7669219.572232 0
1204240.605623 4114541.118828 1019394.839729 0 0 0 0 0 0 0 0 6338176.564180 0
1019394.839729 2496447.955188 2170999.840779 0 0 0 0 0 0 0 0 5686842.635696 0
2170999.840779 3758460.214333 708636.183530 0 0 0 0 0 0 0 0 6638096.238642 0
708636.183530 6102138.458637 1618415.055991 0 0 0 0 0 0 0 0 8429189.698158 0
1618415.055991 4057231.850785 1528921.404805 0 0 0 0 0 0 0 0 7204568.311582 0
1528921.404805 1610078.830802 1247176.010382 0 0 0 0 0 0 0 0 4386176.245990 0
1247176.010382 4066102.475994 1313257.035341 0 0 0 0 0 0 0 0 6626535.521717 0
1313257.035341 2928524.663640 1400147.580991 0 0 0 0 0 0 0 0 5641929.279971 0
1400147.580991 2404258.787872 1146295.631861 0 0 0 0 0 0 0 0 4950702.000724 0
1146295.631861 3461780.952704 2013382.390789 0 0 0 0 0 0 0 0 6621458.975355 0
2013382.390789 4090384.257730 1140368.657128 0 0 0 0 0 0 0 0 7244135.305647 0
1140368.657128 4033564.604265 679888.984761 0 0 0 0 0 0 0 0 5853822.246153 0
679888.984761 4135519.985292 2073116.801211 0 0 0 0 0 0 0 0 6888525.771264 0
2073116.801211 2429337.504944 1428398.071969 0 0 0 0 0 0 0 0 5930852.378125 0
1428398.071969 4756548.730149 1955931.745557 0 0 0 0 0 0 0 0 8140878.547675 0
1955931.745557 4021781.135165 1966764.845909 0 0 0 0 0 0 0 0 7944477.726631 0
1966764.845909 2673132.559353 1498943.637047 0 0 0 0 0 0 0 0 6138841.042309 0
1498943.637047 3200827.455588 2097218.223117 0 0 0 0 0 0 0 0 6796989.315752 0
2097218.223117 3697227.242600 1265626.188534 0 0 0 0 0 0 0 0 7060071.654251 0
1265626.188534 3705277.836076 1252453.896052 0 0 0 0 0 0 0 0 6223357.920662 0
1252453.896052 2887276.194747 2452749.054342 0 0 0 0 0 0 0 0 6592479.145142 0
2452749.054342 3568345.538083 1381158.058563 0 0 0 0 0 0 0 0 7402252.650989 0
1381158.058563 5931427.206581 1415576.348570 0 0 0 0 0 0 0 0 8728161.613714 0
1415576.348570 3827482.181475 1726332.282548 0 0 0 0 0 0 0 0 6969390.812593 0
1726332.282548 4366003.449556 2474538.469924 0 0 0 0 0 0 0 0 8566874.202028 0
2474538.469924 3722064.930039 946287.384562 0 0 0 0 0 0 0 0 7142890.784525 0
946287.384562 2934519.779167 1447713.525055 0 0 0 0 0 0 0 0 5328520.688783 0
1447713.525055 2879430.927235 1461132.407101 0 0 0 0 0 0 0 0 5788276.859391 0
1461132.407101 5091878.989021 2179674.516339 0 0 0 0 0 0 0 0 8732685.912461 0
2179674.516339 3728057.141099 2265952.205679 0 0 0 0 0 0 0 0 8173683.863117 0
2265952.205679 3291454.296576 875523.579954 0 0 0 0 0 0 0 0 6432930.082209 0
875523.579954 3014361.302797 1366113.721035 0 0 0 0 0 0 0 0 5255998.603786 0
1366113.721035 2609888.284898 573645.920065 0 0 0 0 0 0 0 0 4549647.925997 0
573645.920065 3243318.911818 1578124.771351 0 0 0 0 0 0 0 0 5395089.603233 0
1578124.771351 2326683.371805 1372628.285362 0 0 0 0 0 0 0 0 5277436.428518 0
1372628.285362 3123393.485398 1945453.627891 0 0 0 0 0 0 0 0 6441475.398651 0
1945453.627891 3602755.500719 1988594.382619 0 0 0 0 0 0 0 0 7536803.511229 0
1988594.382619 5372663.799163 1779760.870166 0 0 0 0 0 0 0 0 9141019.051948 0
1779760.870166 1895586.866255 1304978.182771 0 0 0 0 0 0 0 0 4980325.919191 0
1304978.182771 5131819.699402 1875074.859417 0 0 0 0 0 0 0 0 8311872.741589 0
1875074.859417 3727435.362305 1597786.191292 0 0 0 0 0 0 0 0 7200296.413014 0
1597786.191292 2349747.311798 1298120.819874 0 0 0 0 0 0 0 0 5245654.322964 0
1298120.819874 3217413.597962 1585228.351319 0 0 0 0 0 0 0 0 6100762.769155 0
1585228.351319 2493688.446618 1369933.407868 0 0 0 0 0 0 0 0 5448850.205806 0
1369933.407868 3807454.286156 1736104.347686 0 0 0 0 0 0 0 0 6913492.041711 0
1736104.347686 3179231.033118 2259085.062684 0 0 0 0 0 0 0 0 7174420.443489 0
2259085.062684 2948261.871429 899976.028196 0 0 0 0 0 0 0 0 6107322.962310 0
899976.028196 5673186.112998 1512956.420535 0 0 0 0 0 0 0 0 8086118.561730 0
1512956.420535 2215838.609478 1206586.941693 0 0 0 0 0 0 0 0 4935381.971705 0
1206586.941693 3246946.861431 1100214.742527 0 0 0 0 0 0 0 0 5553748.545650 0
1100214.742527 3246123.152854 1554441.923724 0 0 0 0 0 0 0 0 5900779.819105 0
1554441.923724 2953601.190881 995260.129436 0 0 0 0 0 0 0 0 5503303.244041 0
995260.129436 2598907.225240 1549179.358137 0 0 0 0 0 0 0 0 5143346.712813 0
1549179.358137 5417760.542531 1900744.126116 0 0 0 0 0 0 0 0 8867684.026784 0
1900744.126116 1989762.709322 1330128.898933 0 0 0 0 0 0 0 0 5220635.734371 0
1330128.898933 4272798.409470 1908036.428249 0 0 0 0 0 0 0 0 7510963.736652 0
1908036.428249 3386900.017760 1538860.928126 0 0 0 0 0 0 0 0 6833797.374135 0
1538860.928126 3320192.535729 1135072.619037 0 0 0 0 0 0 0 0 5994126.082891 0
1135072.619037 4064255.692942 2944821.535226 0 0 0 0 0 0 0 0 8144149.847206 0
2944821.535226 3585746.477748 1286632.611742 0 0 0 0 0 0 0 0 7817200.624717 0
1286632.611742 2653035.503697 1626942.322572 0 0 0 0 0 0 0 0 5566610.438011 0
1626942.322572 4543821.975961 1776906.805868 0 0 0 0 0 0 0 0 7947671.104401 0
1776906.805868 2924148.562147 1736256.640131 0 0 0 0 0 0 0 0 6437312.008146 0
1736256.640131 3531088.272885 1266898.787448 0 0 0 0 0 0 0 0 6534243.700464 0
1266898.787448 4556997.065009 1439484.414483 0 0 0 0 0 0 0 0 7263380.266940 0
1439484.414483 2650641.762194 1409950.472857 0 0 0 0 0 0 0 0 5500076.649534 0
1409950.472857 4329198.069526 1394281.473103 0 0 0 0 0 0 0 0 7133430.015486 0
1394281.473103 4452036.595883 2733927.965058 0 0 0 0 0 0 0 0 8580246.034044 0
2733927.965058 4327462.731439 1313687.787999 0 0 0 0 0 0 0 0 8375078.484496 0
1313687.787999 2107037.337197 1375295.163446 0 0 0 0 0 0 0 0 4796020.288642 0
1375295.163446 3764455.868672 2004682.198082 0 0 0 0 0 0 0 0 7144433.230200 0
2004682.198082 2721949.848233 1820522.677560 0 0 0 0 0 0 0 0 6547154.723875 0
1820522.677560 3273022.500113 396171.744302 0 0 0 0 0 0 0 0 5489716.921975 0
396171.744302 1714545.277632 930549.054624 0 0 0 0 0 0 0 0 3041266.076559 0
930549.054624 4358703.606628 2145195.922316 0 0 0 0 0 0 0 0 7434448.583569 0
2145195.922316 4901211.430688 1724388.575023 0 0 0 0 0 0 0 0 8770795.928027 0
1724388.575023 2305858.730555 1023664.954479 0 0 0 0 0 0 0 0 5053912.260056 0
1023664.954479 2800745.039836 2233130.673800 0 0 0 0 0 0 0 0 6057540.668115 0
2233130.673800 5743508.406536 1282221.976396 0 0 0 0 0 0 0 0 9258861.056732 0
1282221.976396 2388042.824295 2094069.254851 0 0 0 0 0 0 0 0 5764334.055541 0
2094069.254851 5192412.760702 1293857.596152 0 0 0 0 0 0 0 0 8580339.611704 0
1293857.596152 3154305.162144 1668595.674433 0 0 0 0 0 0 0 0 6116758.432728 0
1668595.674433 1567544.711454 591788.690580 0 0 0 0 0 0 0 0 3827929.076467 0
591788.690580 3087399.170413 1959791.002369 0 0 0 0 0 0 0 0 5638978.863361 0
1959791.002369 3788354.974139 1658204.630857 0 0 0 0 0 0 0 0 7406350.607366 0
1658204.630857 3848722.006775 1682518.418362 0 0 0 0 0 0 0 0 7189445.055995 0
1682518.418362 3221616.612645 762476.462617 0 0 0 0 0 0 0 0 5666611.493625 0
762476.462617 4020398.360661 2548325.175275 0 0 0 0 0 0 0 0 7331199.998553 0
2548325.175275 4558598.449872 2086881.472419 0 0 0 0 0 0 0 0 9193805.097566 0
2086881.472419 2503974.215199 1174454.506964 0 0 0 0 0 0 0 0 5765310.194583 0
1174454.506964 2712945.992700 1406510.424067 0 0 0 0 0 0 0 0 5293910.923731 0
1406510.424067 3284798.768527 1897424.871714 0 0 0 0 0 0 0 0 6588734.064308 0
1897424.871714 3519296.565762 1096783.250696 0 0 0 0 0 0 0 0 6513504.688172 0
1096783.250696 4238455.288245 2345611.210562 0 0 0 0 0 0 0 0 7680849.749503 0
2345611.210562 2490012.990526 1879403.345669 0 0 0 0 0 0 0 0 6715027.546757 0
1879403.345669 4555560.452652 918676.736037 0 0 0 0 0 0 0 0 7353640.534358 0
918676.736037 2612238.705713 893517.715561 0 0 0 0 0 0 0 0 4424433.157310 0
893517.715561 2526559.714447 1638071.180694 0 0 0 0 0 0 0 0 5058148.610701 0
1638071.180694 3836769.482426 1768099.736771 0 0 0 0 0 0 0 0 7242940.399891 0
1768099.736771 4212143.899707 1026898.828028 0 0 0 0 0 0 0 0 7007142.464506 0
1026898.828028 2996148.082819 1374827.286403 0 0 0 0 0 0 0 0 5397874.197249 0
1374827.286403 3032616.188004 1885127.989526 0 0 0 0 0 0 0 0 6292571.463933 0
1885127.989526 2252084.343659 1205795.018878 0 0 0 0 0 0 0 0 5343007.352063 0
1205795.018878 4746957.844262 1330041.662136 0 0 0 0 0 0 0 0 7282794.525276 0
1330041.662136 1413445.545730 1662896.723810 0 0 0 0 0 0 0 0 4406383.931676 0
1662896.723810 4673988.846075 1341912.426695 0 0 0 0 0 0 0 0 7678797.996580 0
1341912.426695 3284570.072362 1244943.986628 0 0 0 0 0 0 0 0 5871426.485685 0
1244943.986628 3552239.305081 2517730.075968 0 0 0 0 0 0 0 0 7314913.367677 0
2517730.075968 4282749.361535 2447375.505982 0 0 0 0 0 0 0 0 9247854.943485 0
2447375.505982 3689717.389780 923238.984900 0 0 0 0 0 0 0 0 7060331.880661 0
923238.984900 4056685.195065 1816750.817365 0 0 0 0 0 0 0 0 6796674.997330 0
1816750.817365 2429949.642204 1483011.647233 0 0 0 0 0 0 0 0 5729712.106802 0
1483011.647233 4818879.747465 1735363.670851 0 0 0 0 0 0 0 0 8037255.065549 0
1735363.670851 4316035.519596 1543286.126380 0 0 0 0 0 0 0 0 7594685.316827 0
1543286.126380 4756002.569757 1100558.236260 0 0 0 0 0 0 0 0 7399846.932397 0
1100558.236260 2379260.402092 2510169.232561 0 0 0 0 0 0 0 0 5989987.870913 0
2510169.232561 5107668.087712 942076.246033 0 0 0 0 0 0 0 0 8559913.566306 0
942076.246033 2469926.558314 1342061.310926 0 0 0 0 0 0 0 0 4754064.115272 0
1342061.310926 4179671.045404 1154413.994731 0 0 0 0 0 0 0 0 6676146.351061 0
1154413.994731 2322842.961154 1506482.924672 0 0 0 0 0 0 0 0 4983739.880558 0
1506482.924672 4722081.973935 765290.251495 0 0 0 0 0 0 0 0 6993855.150102 0
765290.251495 4895339.927381 2554575.821684 0 0 0 0 0 0 0 0 8215206.000561 0
2554575.821684 2674971.657491 895645.626133 0 0 0 0 0 0 0 0 6125193.105309 0
895645.626133 2822931.561968 1612561.602874 0 0 0 0 0 0 0 0 5331138.790976 0
1612561.602874 3256683.331662 2459721.509996 0 0 0 0 0 0 0 0 7328966.444533 0
2459721.509996 3546590.306053 1632122.693581 0 0 0 0 0 0 0 0 7638434.509630 0
1632122.693581 4441929.438791 619442.429493 0 0 0 0 0 0 0 0 6693494.561865 0
619442.429493 2459952.904890 1611015.607187 0 0 0 0 0 0 0 0 4690410.941570 0
1611015.607187 4516651.481332 2258073.108644 0 0 0 0 0 0 0 0 8385740.197163 0
2258073.108644 4458027.962377 1653611.011500 0 0 0 0 0 0 0 0 8369712.082521 0
1653611.011500 4478666.891661 882613.751374 0 0 0 0 0 0 0 0 7014891.654535 0
882613.751374 2918840.973778 1278971.759881 0 0 0 0 0 0 0 0 5080426.485033 0
1278971.759881 3737669.245041 1378822.960822 0 0 0 0 0 0 0 0 6395463.965744 0
1378822.960822 1993580.846980 901123.012518 0 0 0 0 0 0 0 0 4273526.820320 0
901123.012518 4933899.414935 2369772.059200 0 0 0 0 0 0 0 0 8204794.486653 0
2369772.059200 3390188.096525 1949397.953651 0 0 0 0 0 0 0 0 7709358.109377 0
1949397.953651 3089671.872384 1444120.714904 0 0 0 0 0 0 0 0 6483190.540940 0
1444120.714904 4624866.936375 772684.565485 0 0 0 0 0 0 0 0 6841672.216764 0
772684.565485 2383300.403614 2887990.354945 0 0 0 0 0 0 0 0 6043975.324044 0
2887990.354945 5312944.333881 1087601.056456 0 0 0 0 0 0 0 0 9288535.745283 0
1087601.056456 3310294.541069 1964948.546471 0 0 0 0 0 0 0 0 6362844.143997 0
1964948.546471 3539116.842232 2055007.293068 0 0 0 0 0 0 0 0 7559072.681771 0
2055007.293068 2895382.238586 1189169.042503 0 0 0 0 0 0 0 0 6139558.574157 0
1189169.042503 5290289.364724 1521348.779444 0 0 0 0 0 0 0 0 8000807.186671 0
1521348.779444 1381142.876541 979342.890613 0 0 0 0 0 0 0 0 3881834.546598 0
979342.890613 4195808.016060 1220282.716122 0 0 0 0 0 0 0 0 6395433.622796 0
1220282.716122 3478751.654302 1962759.896149 0 0 0 0 0 0 0 0 6661794.266573 0
1962759.896149 2451500.065462 1801035.438127 0 0 0 0 0 0 0 0 6215295.399738 0
1801035.438127 3180461.769941 788633.212483 0 0 0 0 0 0 0 0 5770130.420551 0
788633.212483 3539809.763711 1954822.296157 0 0 0 0 0 0 0 0 6283265.272351 0
1954822.296157 2700887.066858 921353.546373 0 0 0 0 0 0 0 0 5577062.909389 0
921353.546373 1840107.244781 1425455.113966 0 0 0 0 0 0 0 0 4186915.905120 0
1425455.113966 6064598.360840 1794735.926821 0 0 0 0 0 0 0 0 9284789.401627 0
1794735.926821 4785055.245513 897833.145662 0 0 0 0 0 0 0 0 7477624.317996 0
897833.145662 3519615.142474 1672763.664467 0 0 0 0 0 0 0 0 6090211.952604 0
1672763.664467 2319142.374323 1787646.422204 0 0 0 0 0 0 0 0 5779552.460994 0
1787646.422204 4260303.229304 1128686.537257 0 0 0 0 0 0 0 0 7176636.188764 0
1128686.537257 3058888.799852 1845917.378611 0 0 0 0 0 0 0 0 6033492.715720 0
1845917.378611 2852315.513641 1101081.425076 0 0 0 0 0 0 0 0 5799314.317328 0
1101081.425076 3342380.949143 727237.908883 0 0 0 0 0 0 0 0 5170700.283102 0
727237.908883 2632042.239119 2444301.359648 0 0 0 0 0 0 0 0 5803581.507651 0
2444301.359648 4289588.011613 1434123.468931 0 0 0 0 0 0 0 0 8168012.840192 0
1434123.468931 2718638.544048 1674569.198648 0 0 0 0 0 0 0 0 5827331.211627 0
1674569.198648 2755331.487534 1543330.975414 0 0 0 0 0 0 0 0 5973231.661596 0
1543330.975414 4283243.076059 2035947.128876 0 0 0 0 0 0 0 0 7862521.180350 0
2035947.128876 3886327.720073 1362706.021746 0 0 0 0 0 0 0 0 7284980.870695 0
1362706.021746 3173717.107770 1361458.271594 0 0 0 0 0 0 0 0 5897881.401109 0
1361458.271594 4467351.745256 1758800.929004 0 0 0 0 0 0 0 0 7587610.945854 0
1758800.929004 2800934.263986 2165995.971935 0 0 0 0 0 0 0 0 6725731.164925 0
2165995.971935 4735934.962129 1463803.830260 0 0 0 0 0 0 0 0 8365734.764324 0
1463803.830260 4412017.600717 1427114.508706 0 0 0 0 0 0 0 0 7302935.939683 0
1427114.508706 2934368.385843 2227976.210445 0 0 0 0 0 0 0 0 6589459.104994 0
2227976.210445 2800069.208571 1014363.700605 0 0 0 0 0 0 0 0 6042409.119620 0
1014363.700605 4560954.832679 1662795.903847 0 0 0 0 0 0 0 0 7238114.437131 0
1662795.903847 2513798.641590 2293563.135897 0 0 0 0 0 0 0 0 6470157.681334 0
2293563.135897 3605124.252623 780613.654528 0 0 0 0 0 0 0 0 6679301.043047 0
780613.654528 2325137.062536 1406897.608713 0 0 0 0 0 0 0 0 4512648.325776 0
1406897.608713 4689115.988465 1468127.996995 0 0 0 0 0 0 0 0 7564141.594173 0
1468127.996995 3274766.978253 1677214.165356 0 0 0 0 0 0 0 0 6420109.140604 0
1677214.165356 3735548.301993 2280193.929463 0 0 0 0 0 0 0 0 7692956.396812 0
2280193.929463 4910970.914607 1520557.388173 0 0 0 0 0 0 0 0 8711722.232242 0
1520557.388173 4169389.000777 1531926.094522 0 0 0 0 0 0 0 0 7221872.483472 0
1531926.094522 2549649.121994 850147.914546 0 0 0 0 0 0 0 0 4931723.131062 0
850147.914546 2795705.360007 1675253.653010 0 0 0 0 0 0 0 0 5321106.927563 0
1675253.653010 2969313.777590 1275668.679370 0 0 0 0 0 0 0 0 5920236.109970 0
1275668.679370 5586292.999386 1804278.800922 0 0 0 0 0 0 0 0 8666240.479678 0
1804278.800922 2847653.153554 1613067.553427 0 0 0 0 0 0 0 0 6264999.507903 0
1613067.553427 3946646.524723 1469523.444917 0 0 0 0 0 0 0 0 7029237.523067 0
1469523.444917 4289538.020794 2480299.224219 0 0 0 0 0 0 0 0 8239360.689930 0
2480299.224219 3701442.736974 1970280.823417 0 0 0 0 0 0 0 0 8152022.784610 0
1970280.823417 3938631.163625 420360.601489 0 0 0 0 0 0 0 0 6329272.588532 0
420360.601489 3403093.722277 1834691.026821 0 0 0 0 0 0 0 0 5658145.350587 0
1834691.026821 3472055.511581 2346772.620483 0 0 0 0 0 0 0 0 7653519.158885 0
2346772.620483 3420737.033151 1406067.539136 0 0 0 0 0 0 0 0 7173577.192770 0
1406067.539136 2746150.546130 1710622.258182 0 0 0 0 0 0 0 0 5862840.343448 0
1710622.258182 4501314.620960 1935790.471527 0 0 0 0 0 0 0 0 8147727.350668 0
1935790.471527 4292374.221386 1416124.431116 0 0 0 0 0 0 0 0 7644289.124028 0
1416124.431116 1820076.488893 2067224.660775 0 0 0 0 0 0 0 0 5303425.580784 0
2067224.660775 5693937.242147 1340971.608387 0 0 0 0 0 0 0 0 9102133.511309 0
1340971.608387 3316022.124666 1524149.216066 0 0 0 0 0 0 0 0 6181142.949119 0
1524149.216066 4135821.809948 2735838.979915 0 0 0 0 0 0 0 0 8395810.005930 0
2735838.979915 4439294.472393 1284510.912338 0 0 0 0 0 0 0 0 8459644.364646 0
1284510.912338 2684865.678676 1465658.068997 0 0 0 0 0 0 0 0 5435034.660011 0
1465658.068997 2366313.647737 1199208.526223 0 0 0 0 0 0 0 0 5031180.242956 0
1199208.526223 3522411.127793 2366227.161021 0 0 0 0 0 0 0 0 7087846.815037 0
2366227.161021 4090717.272578 1198908.966694 0 0 0 0 0 0 0 0 7655853.400294 0
1198908.966694 2672098.120391 1238427.914471 0 0 0 0 0 0 0 0 5109435.001556 0
1238427.914471 5646369.173931 1235959.703835 0 0 0 0 0 0 0 0 8120756.792237 0
1235959.703835 1749489.252607 1596214.291793 0 0 0 0 0 0 0 0 4581663.248235 0
1596214.291793 2146159.693051 868970.098232 0 0 0 0 0 0 0 0 4611344.083076 0
868970.098232 3904374.963990 1201433.195895 0 0 0 0 0 0 0 0 5974778.258118 0
1201433.195895 1725599.440462 1126518.805551 0 0 0 0 0 0 0 0 4053551.441908 0
1126518.805551 3415983.572730 1589567.201236 0 0 0 0 0 0 0 0 6132069.579517 0
1589567.201236 2290188.087137 1619686.618537 0 0 0 0 0 0 0 0 5499441.906910 0
1619686.618537 3550861.699753 1580175.046487 0 0 0 0 0 0 0 0 6750723.364776 0
1580175.046487 2986302.257873 652192.754975 0 0 0 0 0 0 0 0 5218670.059334 0
652192.754975 1791110.188446 1201332.364789 0 0 0 0 0 0 0 0 3644635.308210 0
1201332.364789 3120403.954943 1145522.574318 0 0 0 0 0 0 0 0 5467258.894050 0
1145522.574318 3726023.605050 2228500.466627 0 0 0 0 0 0 0 0 7100046.645995 0
2228500.466627 3957455.088680 1377150.323039 0 0 0 0 0 0 0 0 7563105.878346 0
1377150.323039 3181495.788216 1000360.399477 0 0 0 0 0 0 0 0 5559006.510732 0
1000360.399477 2389736.340117 2158954.710772 0 0 0 0 0 0 0 0 5549051.450367 0
2158954.710772 4012547.364460 1916477.731070 0 0 0 0 0 0 0 0 8087979.806303 0
1916477.731070 4115466.514349 1833345.491871 0 0 0 0 0 0 0 0 7865289.737289 0
1833345.491871 4372446.517746 1424012.951337 0 0 0 0 0 0 0 0 7629804.960955 0
1424012.951337 3754178.218805 1360865.988194 0 0 0 0 0 0 0 0 6539057.158336 0
1360865.988194 2141785.980703 633940.516690 0 0 0 0 0 0 0 0 4136592.485586 0
633940.516690 2292633.655738 1298016.086683 0 0 0 0 0 0 0 0 4224590.259111 0
1298016.086683 2393697.281120 1328159.620951 0 0 0 0 0 0 0 0 5019872.988753 0
1328159.620951 6099824.155453 1883650.628723 0 0 0 0 0 0 0 0 9311634.405127 0
1883650.628723 2777364.994800 2107196.954764 0 0 0 0 0 0 0 0 6768212.578288 0
2107196.954764 3076431.962188 1539309.163150 0 0 0 0 0 0 0 0 6722938.080102 0
1539309.163150 3676129.122094 1525264.643963 0 0 0 0 0 0 0 0 6740702.929208 0
1525264.643963 2221220.439607 844159.833807 0 0 0 0 0 0 0 0 4590644.917376 0
844159.833807 6774177.945418 1758301.602351 0 0 0 0 0 0 0 0 9376639.381576 0
1758301.602351 2868436.848414 913860.886364 0 0 0 0 0 0 0 0 5540599.337129 0
913860.886364 3944224.434898 2725593.381060 0 0 0 0 0 0 0 0 7583678.702323 0
2725593.381060 3396924.086660 1428502.713563 0 0 0 0 0 0 0 0 7551020.181284 0
1428502.713563 4141370.295490 667025.855303 0 0 0 0 0 0 0 0 6236898.864356 0
667025.855303 5474370.166308 1061645.807932 0 0 0 0 0 0 0 0 7203041.829543 0
1061645.807932 2563200.087264 1550118.566810 0 0 0 0 0 0 0 0 5174964.462006 0
1550118.566810 3924925.435300 2222298.488015 0 0 0 0 0 0 0 0 7697342.490124 0
2222298.488015 4338256.990942 1763196.317013 0 0 0 0 0 0 0 0 8323751.795970 0
1763196.317013 4653822.792273 1704155.395191 0 0 0 0 0 0 0 0 8121174.504476 0
1704155.395191 3667832.556265 1092060.476238 0 0 0 0 0 0 0 0 6464048.427693 0
1092060.476238 2165699.422807 1826025.362795 0 0 0 0 0 0 0 0 5083785.261840 0
1826025.362795 3194932.705373 1659192.453034 0 0 0 0 0 0 0 0 6680150.521202 0
1659192.453034 4581258.155407 2319780.987722 0 0 0 0 0 0 0 0 8560231.596162 0
2319780.987722 2859054.764384 1258851.755336 0 0 0 0 0 0 0 0 6437687.507442 0
1258851.755336 4090205.492424 892062.824624 0 0 0 0 0 0 0 0 6241120.072384 0
892062.824624 3359459.741038 2672651.346875 0 0 0 0 0 0 0 0 6924173.912537 0
2672651.346875 4121132.880276 1692526.488360 0 0 0 0 0 0 0 0 8486310.715511 0
1692526.488360 3066828.272996 1609028.228126 0 0 0 0 0 0 0 0 6368382.989482 0
1609028.228126 3923815.408230 1927957.527257 0 0 0 0 0 0 0 0 7460801.163613 0
1927957.527257 2779454.364264 1775374.318022 0 0 0 0 0 0 0 0 6482786.209543 0
1775374.318022 3951240.988462 1214999.457659 0 0 0 0 0 0 0 0 6941614.764144 0
1214999.457659 4250119.621466 1188571.880822 0 0 0 0 0 0 0 0 6653690.959947 0
1188571.880822 3690197.511852 1341395.463668 0 0 0 0 0 0 0 0 6220164.856342 0
1341395.463668 4508789.358641 973823.233831 0 0 0 0 0 0 0 0 6824008.056140 0
973823.233831 3489748.085475 2250208.997418 0 0 0 0 0 0 0 0 6713780.316725 0
2250208.997418 2486222.518728 726076.777049 0 0 0 0 0 0 0 0 5462508.293195 0
726076.777049 3652194.903730 1493416.836535 0 0 0 0 0 0 0 0 5871688.517313 0
1493416.836535 4089786.053003 1603242.186582 0 0 0 0 0 0 0 0 7186445.076119 0
1603242.186582 3087409.971581 1973182.382925 0 0 0 0 0 0 0 0 6663834.541087 0
1973182.382925 2862629.361886 1614366.309481 0 0 0 0 0 0 0 0 6450178.054292 0
1614366.309481 4104409.409213 1283001.403431 0 0 0 0 0 0 0 0 7001777.122125 0
1283001.403431 1471130.696258 1365644.337327 0 0 0 0 0 0 0 0 4119776.437017 0
1365644.337327 4607255.554593 1192087.477842 0 0 0 0 0 0 0 0 7164987.369762 0
1192087.477842 4739389.881200 1774485.981800 0 0 0 0 0 0 0 0 7705963.340842 0
1774485.981800 3053842.506885 1652493.830736 0 0 0 0 0 0 0 0 6480822.319421 0
1652493.830736 3435508.374721 1386596.751648 0 0 0 0 0 0 0 0 6474598.957105 0
1386596.751648 3028354.919259 1439925.000733 0 0 0 0 0 0 0 0 5854876.671640 0
1439925.000733 2650119.471138 1683153.895586 0 0 0 0 0 0 0 0 5773198.367456 0
1683153.895586 3139883.346347 1171927.399345 0 0 0 0 0 0 0 0 5994964.641278 0
1171927.399345 5364696.479611 1659339.409513 0 0 0 0 0 0 0 0 8195963.288469 0
1659339.409513 2869868.961684 1879982.843487 0 0 0 0 0 0 0 0 6409191.214684 0
1879982.843487 4540376.112134 2267852.807532 0 0 0 0 0 0 0 0 8688211.763154 0
2267852.807532 3282058.090174 1906167.503922 0 0 0 0 0 0 0 0 7456078.401628 0
1906167.503922 4686302.245900 1892891.771184 0 0 0 0 0 0 0 0 8485361.521007 0
1892891.771184 3159776.499874 2017456.884854 0 0 0 0 0 0 0 0 7070125.155913 0
2017456.884854 3118557.878709 1078317.229722 0 0 0 0 0 0 0 0 6214331.993286 0
1078317.229722 3347969.499335 1809946.335195 0 0 0 0 0 0 0 0 6236233.064252 0
1809946.335195 2941250.655978 1667482.711638 0 0 0 0 0 0 0 0 6418679.702812 0
1667482.711638 4714130.856312 1568993.764998 0 0 0 0 0 0 0 0 7950607.332948 0
1568993.764998 4128484.063908 1926713.916525 0 0 0 0 0 0 0 0 7624191.745431 0
1926713.916525 4562695.725477 1700337.549451 0 0 0 0 0 0 0 0 8189747.191453 0
1700337.549451 2579078.317144 1421585.590709 0 0 0 0 0 0 0 0 5701001.457304 0
1421585.590709 4354282.177214 1646537.162498 0 0 0 0 0 0 0 0 7422404.930421 0
1646537.162498 4283132.915822 1845534.225920 0 0 0 0 0 0 0 0 7775204.304240 0
1845534.225920 4950564.517721 1439893.851153 0 0 0 0 0 0 0 0 8235992.594794 0
1439893.851153 4446887.528933 1088926.827054 0 0 0 0 0 0 0 0 6975708.207140 0
1088926.827054 4217847.203076 2209583.127431 0 0 0 0 0 0 0 0 7516357.157561 0
2209583.127431 2899407.896130 1158702.949672 0 0 0 0 0 0 0 0 6267693.973234 0
1158702.949672 1713096.570588 1068645.035806 0 0 0 0 0 0 0 0 3940444.556067 0
1068645.035806 4163778.041842 751634.324519 0 0 0 0 0 0 0 0 5984057.402167 0
751634.324519 1953533.543318 1538361.092236 0 0 0 0 0 0 0 0 4243528.960073 0
1538361.092236 3304307.918211 851041.319494 0 0 0 0 0 0 0 0 5693710.329941 0
851041.319494 4404228.423055 2154449.326217 0 0 0 0 0 0 0 0 7409719.068766 0
2154449.326217 2063217.970888 1816449.906956 0 0 0 0 0 0 0 0 6034117.204062 0
1816449.906956 4674606.453422 1650120.367635 0 0 0 0 0 0 0 0 8141176.728014 0
1650120.367635 4395919.617461 2162575.650909 0 0 0 0 0 0 0 0 8208615.636005 0
2162575.650909 4175202.010000 1790521.236895 0 0 0 0 0 0 0 0 8128298.897805 0
1790521.236895 2202726.472483 642514.342041 0 0 0 0 0 0 0 0 4635762.051419 0
642514.342041 3448747.479496 1214108.611694 0 0 0 0 0 0 0 0 5305370.433231 0
1214108.611694 1782923.785769 1814554.338192 0 0 0 0 0 0 0 0 4811586.735655 0
1814554.338192 4602099.992047 1314735.827315 0 0 0 0 0 0 0 0 7731390.157555 0
1314735.827315 4551762.290340 1596239.919292 0 0 0 0 0 0 0 0 7462738.036947 0
1596239.919292 2285930.752255 874057.191999 0 0 0 0 0 0 0 0 4756227.863546 0
874057.191999 2895833.747664 2029957.525929 0 0 0 0 0 0 0 0 5799848.465593 0
2029957.525929 3429283.290021 1654266.643222 0 0 0 0 0 0 0 0 7113507.459172 0
1654266.643222 5161392.697446 1858564.171495 0 0 0 0 0 0 0 0 8674223.512163 0
1858564.171495 3014784.788416 1907808.738643 0 0 0 0 0 0 0 0 6781157.698554 0
1907808.738643 2572086.369091 945240.132842 0 0 0 0 0 0 0 0 5425135.240575 0
945240.132842 3568957.426141 1227850.408331 0 0 0 0 0 0 0 0 5742047.967314 0
1227850.408331 3909700.296421 2407660.476975 0 0 0 0 0 0 0 0 7545211.181726 0
2407660.476975 3776240.023145 1684391.690940 0 0 0 0 0 0 0 0 7868292.191060 0
1684391.690940 3669490.673263 1141848.564087 0 0 0 0 0 0 0 0 6495730.928290 0
1141848.564087 875587.238226 775706.229965 0 0 0 0 0 0 0 0 2793142.032278 0
775706.229965 3882205.750274 1793038.840337 0 0 0 0 0 0 0 0 6450950.820576 0
1793038.840337 4413940.480907 2598918.756696 0 0 0 0 0 0 0 0 8805898.077941 0
2598918.756696 3176243.234525 1247781.031959 0 0 0 0 0 0 0 0 7022943.023180 0
1247781.031959 4626456.991383 2340106.935428 0 0 0 0 0 0 0 0 8214344.958770 0
2340106.935428 4359637.363848 1490225.002799 0 0 0 0 0 0 0 0 8189969.302075 0
1490225.002799 3580841.409828 1645673.162143 0 0 0 0 0 0 0 0 6716739.574770 0
1645673.162143 2462137.703357 1352967.593747 0 0 0 0 0 0 0 0 5460778.459247 0
1352967.593747 1730242.163424 486009.131558 0 0 0 0 0 0 0 0 3569218.888729 0
486009.131558 2949379.566778 1617883.218211 0 0 0 0 0 0 0 0 5053271.916546 0
1617883.218211 3612409.717587 975039.650436 0 0 0 0 0 0 0 0 6205332.586234 0
975039.650436 2699640.860052 1617668.193249 0 0 0 0 0 0 0 0 5292348.703736 0
1617668.193249 2878413.226075 1296375.696225 0 0 0 0 0 0 0 0 5792457.115549 0
1296375.696225 4133356.088588 1884381.667666 0 0 0 0 0 0 0 0 7314113.452479 0
1884381.667666 2462478.417611 1838455.474564 0 0 0 0 0 0 0 0 6185315.559841 0
1838455.474564 5854676.983565 1926448.214872 0 0 0 0 0 0 0 0 9619580.673001 0
1926448.214872 2172232.038259 1116744.772399 0 0 0 0 0 0 0 0 5215425.025531 0
1116744.772399 2423984.656659 627655.004842 0 0 0 0 0 0 0 0 4168384.433900 0
627655.004842 2095234.800933 2564296.035891 0 0 0 0 0 0 0 0 5287185.841665 0
2564296.035891 5094076.013728 1624107.610530 0 0 0 0 0 0 0 0 9282479.660149 0
1624107.610530 3630829.321389 1093178.551732 0 0 0 0 0 0 0 0 6348115.483651 0
1093178.551732 3038413.077698 2647158.329444 0 0 0 0 0 0 0 0 6778749.958874 0
2647158.329444 3507102.380459 1253339.168190 0 0 0 0 0 0 0 0 7407599.878093 0
1253339.168190 3930436.653744 1763648.239806 0 0 0 0 0 0 0 0 6947424.061740 0
1763648.239806 3981844.031422 1555178.480012 0 0 0 0 0 0 0 0 7300670.751240 0
1555178.480012 3625088.827759 858597.369357 0 0 0 0 0 0 0 0 6038864.677127 0
858597.369357 4055992.373555 1780005.841020 0 0 0 0 0 0 0 0 6694595.583931 0
1780005.841020 2330253.180357 1937928.534252 0 0 0 0 0 0 0 0 6048187.555629 0
1937928.534252 4042400.683202 806449.530229 0 0 0 0 0 0 0 0 6786778.747683 0
806449.530229 3649299.105982 1625477.498180 0 0 0 0 0 0 0 0 6081226.134392 0
1625477.498180 4663858.865903 1881867.521698 0 0 0 0 0 0 0 0 8171203.885781 0
1881867.521698 1901236.313486 0 0 0 0 0 0 0 0 0 3783103.835184 0
0 0 0 0 0 0 0 0 0 0 0 0 0
